% start	end	CellId	IMSI	RNTI	LCID	nTxPDUs	TxBytes	nRxPDUs	RxBytes	delay	stdDev	min	max	PduSize	stdDev	min	max
1.75	2	2	4	1	3	1	58	0	0	0	0	0	0	0	0	0	0	
2	2.25	2	4	1	3	2	126	3	184	0.0119286	5.7735e-10	0.0119286	0.0119286	61.3333	9.45163	54	72	
2.25	2.5	2	4	1	3	1	54	1	54	0.0119286	0	0.0119286	0.0119286	54	0	54	54	
6	6.25	2	4	1	3	2	173	2	173	0.0124286	0.000707106	0.0119286	0.0129286	86.5	0.707107	86	87	
7	7.25	2	4	1	3	1	90	1	90	0.0129286	0	0.0129286	0.0129286	90	0	90	90	
7.25	7.5	2	4	1	3	1	89	1	89	0.0119286	0	0.0119286	0.0119286	89	0	89	89	
7.5	7.75	2	4	1	3	1	54	1	54	0.0119286	0	0.0119286	0.0119286	54	0	54	54	
7.75	8	2	4	1	3	1	88	1	88	0.0129286	0	0.0129286	0.0129286	88	0	88	88	
8.25	8.5	2	4	1	3	1	75	1	75	0.0129286	0	0.0129286	0.0129286	75	0	75	75	
